
%YAML:1.0
---
sub_url: "udp://127.0.0.1:1258"
wait_port: 1259
img_w: 320
img_h: 240